run		${prodlength}
run		20000
Per MPI rank memory allocation (min/avg/max) = 2.636 | 2.636 | 2.636 Mbytes
Step Temp TotEng Press c_p_all 
       0          0.5   -5.4376834   -1.0151782   -1.4339014 
     200   0.48779326   -5.4043834  -0.70355772   -1.1120584 
     400   0.51389157   -5.4252266  -0.99498499   -1.4253416 
     600   0.53279314   -5.4429895   -1.2032124   -1.6493981 
     800   0.46739107    -5.446864   -0.7696278   -1.1610428 
    1000    0.5132674   -5.4394611  -0.98598934   -1.4158233 
    1200    0.4973641   -5.4276146  -0.82953906   -1.2460548 
    1400   0.52963061   -5.4315443   -1.0718148   -1.5153521 
    1600   0.51724734    -5.442376   -1.0833528   -1.5165197 
    1800   0.49690565   -5.4120491   -0.8566103   -1.2727421 
    2000   0.53459457   -5.4079228   -0.9134808   -1.3611751 
    2200   0.49973312   -5.4550987  -0.96061501   -1.3791147 
    2400   0.54187119   -5.4424899    -1.277226   -1.7310141 
    2600   0.48613581   -5.4442407  -0.81706706   -1.2241797 
    2800   0.52762088   -5.4485323   -1.2588964   -1.7007506 
    3000   0.49052969   -5.4683482  -0.99083656   -1.4016289 
    3200   0.51242268   -5.4782624    -1.256397   -1.6855235 
    3400    0.5030631   -5.4439864   -1.0604339   -1.4817223 
    3600   0.46499335     -5.44509  -0.67403108   -1.0634381 
    3800    0.4871998   -5.3814425  -0.63189861   -1.0399023 
    4000   0.47946271   -5.4062905  -0.70799973    -1.109524 
    4200   0.50595616   -5.4282802   -1.0250971   -1.4488083 
    4400   0.51915103   -5.4488596   -1.1902599   -1.6250211 
    4600   0.52083964   -5.4377925   -1.1936523   -1.6298276 
    4800   0.51030325   -5.4749299   -1.2564782   -1.6838298 
    5000     0.502187   -5.4444374  -0.98874843   -1.4093031 
    5200   0.51897177   -5.4383451   -1.1232546   -1.5578656 
    5400   0.49674444   -5.4767298   -1.1814622   -1.5974591 
    5600   0.49371927   -5.4489326  -0.93228806   -1.3457515 
    5800    0.4941268   -5.4121919  -0.85312451   -1.2669292 
    6000    0.4999284    -5.461209   -1.0431481   -1.4618113 
    6200   0.47981528   -5.4549659  -0.90771819   -1.3095378 
    6400   0.50525507   -5.4637688   -1.1782083   -1.6013324 
    6600    0.4828791   -5.4201792  -0.88748804   -1.2918734 
    6800   0.50145638    -5.432308   -1.0203789   -1.4403217 
    7000   0.47310459    -5.411842  -0.77179856   -1.1679983 
    7200   0.49411344   -5.4411605  -0.92774861   -1.3415421 
    7400   0.48636555   -5.4414333  -0.92556736   -1.3328724 
    7600   0.50710284   -5.4650498   -1.3209214   -1.7455929 
    7800   0.48232274   -5.4843049  -0.97471124   -1.3786307 
    8000   0.46739207   -5.4295604  -0.50137319    -0.892789 
    8200   0.51600575   -5.4425422   -1.0182343   -1.4503615 
    8400   0.53497063    -5.399292  -0.91537217   -1.3633814 
    8600   0.49584607   -5.4405547  -0.90806542   -1.3233099 
    8800   0.50177756   -5.4133839  -0.90631807   -1.3265299 
    9000   0.47458776   -5.4421752  -0.83873287   -1.2361747 
    9200   0.51800139   -5.4520825   -1.2614884   -1.6952868 
    9400   0.52321985   -5.3999574   -1.0105295   -1.4486981 
    9600   0.48708828   -5.4364819  -0.91958739   -1.3274977 
    9800   0.54473333   -5.4503859   -1.4026757   -1.8588606 
   10000   0.49175227   -5.4381711  -0.92603479    -1.337851 
   10200    0.5307289   -5.4565062   -1.3814605   -1.8259175 
   10400   0.47691922   -5.4657274  -0.91054368    -1.309938 
   10600   0.52889203    -5.475144   -1.4078554   -1.8507741 
   10800   0.45570746   -5.4615474  -0.79425242    -1.175883 
   11000   0.48969503    -5.449293  -0.95733964    -1.367433 
   11200   0.47910953   -5.4678921  -0.83040248    -1.231631 
   11400    0.5039902   -5.4515466   -1.0368532    -1.458918 
   11600   0.51641007   -5.4673737   -1.2340589   -1.6665247 
   11800   0.51566073   -5.4004471  -0.96596279    -1.397801 
   12000   0.52888689   -5.4603957    -1.005614   -1.4485285 
   12200   0.47810852   -5.4067897  -0.65803584   -1.0584261 
   12400   0.53277375    -5.427574   -1.1758017   -1.6219712 
   12600   0.50097297   -5.3975158  -0.77078858   -1.1903266 
   12800   0.49595635   -5.4719109   -1.0363781    -1.451715 
   13000   0.52539375   -5.4529017   -1.0574719    -1.497461 
   13200    0.4808992   -5.4622772  -0.98306674    -1.385794 
   13400   0.48642103   -5.4567772  -0.95788002   -1.3652316 
   13600   0.49810071    -5.426311  -0.93340669   -1.3505393 
   13800   0.52982981   -5.3798746  -0.89710798    -1.340812 
   14000   0.52301812   -5.4577507   -1.3187345   -1.7567342 
   14200    0.5011573     -5.46024    -1.025248   -1.4449403 
   14400   0.49919568   -5.4137828  -0.87880699   -1.2968566 
   14600   0.53308135   -5.4392595   -1.2887727   -1.7351998 
   14800   0.48602172   -5.4095192   -0.7920032   -1.1990203 
   15000   0.53591028   -5.4031632  -0.99825432   -1.4470505 
   15200   0.48150797   -5.3997586  -0.66540183   -1.0686389 
   15400    0.5165017   -5.4607702   -1.1616959   -1.5942384 
   15600   0.49674364   -5.4530193   -1.0736785   -1.4896747 
   15800   0.48716022   -5.4513684   -1.0016258   -1.4095964 
   16000   0.47402097    -5.416347  -0.68431142   -1.0812786 
   16200   0.52663134   -5.4411944    -1.217314   -1.6583395 
   16400   0.50311363   -5.4241036  -0.86918604   -1.2905167 
   16600   0.48365949   -5.4657559   -1.0859768   -1.4910157 
   16800   0.53674644   -5.4210656   -1.1032221   -1.5527184 
   17000   0.53012739   -5.3999938    -0.995368   -1.4393213 
   17200   0.50638505   -5.4348098   -1.0299593   -1.4540297 
   17400   0.49000375   -5.4116174  -0.71973221   -1.1300841 
   17600   0.46704364   -5.4382733  -0.79824699    -1.189371 
   17800   0.48088906   -5.4381563  -0.88165313   -1.2843719 
   18000   0.50844579   -5.4278855   -1.0648264   -1.4906225 
   18200   0.51644154   -5.4577781   -1.1811984   -1.6136905 
   18400   0.52071914   -5.4459499   -1.1845301   -1.6206045 
   18600   0.51002336   -5.3971765   -0.8844983   -1.3116155 
   18800   0.51942518   -5.3967454   -0.7857914   -1.2207821 
   19000   0.45817648   -5.3944128  -0.55432405   -0.9380223 
   19200   0.53722948   -5.4461339   -1.2325909   -1.6824918 
   19400   0.47400169   -5.4471585  -0.73374877   -1.1306998 
   19600   0.49005035   -5.4133268  -0.69693561   -1.1073265 
   19800    0.4873834   -5.4291578   -0.8586702   -1.2668277 
   20000    0.4687771   -5.4629894   -1.0003757   -1.3929514 
Loop time of 3.74523 on 1 procs for 20000 steps with 125 atoms

Performance: 2306935.319 tau/day, 5340.128 timesteps/s
98.0% CPU use with 1 MPI tasks x no OpenMP threads

MPI task timing breakdown:
Section |  min time  |  avg time  |  max time  |%varavg| %total
---------------------------------------------------------------
Pair    | 3.237      | 3.237      | 3.237      |   0.0 | 86.43
Neigh   | 0.35038    | 0.35038    | 0.35038    |   0.0 |  9.36
Comm    | 0.11628    | 0.11628    | 0.11628    |   0.0 |  3.10
Output  | 0.0009752  | 0.0009752  | 0.0009752  |   0.0 |  0.03
Modify  | 0.027668   | 0.027668   | 0.027668   |   0.0 |  0.74
Other   |            | 0.01297    |            |       |  0.35

Nlocal:        125.000 ave         125 max         125 min
Histogram: 1 0 0 0 0 0 0 0 0 0
Nghost:        1661.00 ave        1661 max        1661 min
Histogram: 1 0 0 0 0 0 0 0 0 0
Neighs:        12010.0 ave       12010 max       12010 min
Histogram: 1 0 0 0 0 0 0 0 0 0

Total # of neighbors = 12010
Ave neighs/atom = 96.080000
Neighbor list builds = 1000
Dangerous builds not checked

variable	p equal f_ave_p

print	"Average virial pressure from Berendsen MD: $p"
Average virial pressure from Berendsen MD: -1.3968935646113
unfix ave_p
unfix 2

#=====Langevin MD run====#
reset_timestep	0

fix		ave_p all ave/time ${nintervals} ${ave_one} ${prodlength} c_p_all
fix		ave_p all ave/time 40 ${ave_one} ${prodlength} c_p_all
fix		ave_p all ave/time 40 500 ${prodlength} c_p_all
fix		ave_p all ave/time 40 500 20000 c_p_all
unfix	1
fix		1 all nve
fix		2 all langevin ${temperature} ${temperature}  0.2 72300 zero yes
fix		2 all langevin 0.5 ${temperature}  0.2 72300 zero yes
fix		2 all langevin 0.5 0.5  0.2 72300 zero yes

thermo		200

log		log.langevin.txt
