run		${prodlength}
run		20000
Per MPI rank memory allocation (min/avg/max) = 2.636 | 2.636 | 2.636 Mbytes
Step Temp TotEng Press c_p_all 
       0   0.81228377   -4.6735812   0.66723617 -0.013007952 
     200   0.83268424   -4.6275038   0.82763552    0.1303071 
     400    0.7705796   -4.6182918    1.2602438   0.61492474 
     600   0.82633721   -4.6461899   0.86569893   0.17368581 
     800   0.80053095   -4.6279295    1.1114156   0.44101379 
    1000   0.78456713   -4.6553881     1.281695   0.62466209 
    1200   0.77506642   -4.6347178     1.308557   0.65948046 
    1400   0.76917923   -4.6447267    1.0799157    0.4357693 
    1600   0.76548711    -4.658518    1.1950113   0.55395684 
    1800   0.82359045    -4.663069   0.71456497  0.024852115 
    2000    0.7780693     -4.64674    1.0979196   0.44632826 
    2200   0.74948926   -4.5749485    1.5645776   0.93692048 
    2400   0.74047804   -4.6788944    1.1586278   0.53851714 
    2600   0.76055352   -4.5962052    1.4126637   0.77574094 
    2800   0.77651026   -4.6598576    1.0360372   0.38575149 
    3000   0.78652773   -4.6850664   0.85426944   0.19559462 
    3200   0.81305633   -4.6936628   0.70255569  0.021664593 
    3400   0.84379116    -4.664778   0.64209414 -0.064535728 
    3600   0.80613938   -4.6252793    1.0200162   0.34491768 
    3800   0.83822812   -4.6411066   0.87262203   0.17065091 
    4000    0.7574154   -4.6219383    1.3148039   0.68050906 
    4200   0.78120322   -4.7006845   0.83561281   0.18139699 
    4400   0.79870396   -4.6688006   0.86394469   0.19507294 
    4600   0.75864859   -4.6198432    1.2896115   0.65428399 
    4800   0.77077792   -4.6035549    1.3270603   0.68157512 
    5000   0.80256158   -4.6611122    1.0185263     0.346424 
    5200   0.84679162   -4.6801786   0.63365189 -0.075490712 
    5400   0.79930633   -4.6977143   0.71483238   0.04545617 
    5600   0.79049847   -4.6311238    1.2753445    0.6133444 
    5800   0.82997215   -4.6366974   0.93860294   0.24354575 
    6000   0.83137776   -4.5922157    1.0633628   0.36712848 
    6200    0.8183272   -4.6311369    1.1235804   0.43827526 
    6400   0.84537387    -4.618532   0.83088316   0.12292786 
    6600   0.74952734   -4.6354261    1.4834622   0.85577324 
    6800   0.84344033   -4.6312443   0.69310782 -0.013228247 
    7000   0.79973323   -4.6254911    1.1058154   0.43608172 
    7200   0.83642743   -4.6611395   0.56554027  -0.13492287 
    7400   0.86198918   -4.6250278   0.62637312  -0.09549662 
    7600   0.83692359   -4.6019378   0.86458874   0.16371009 
    7800   0.80239742   -4.6828791   0.77729349   0.10532866 
    8000   0.76799321   -4.6220781     1.193372   0.55021888 
    8200   0.78760847   -4.6541591    1.1495194   0.48993951 
    8400   0.78497477   -4.6266493    1.0943878   0.43701355 
    8600    0.7979181   -4.6637513   0.83006955   0.16185591 
    8800   0.81931731   -4.6621295   0.97142774   0.28529341 
    9000   0.74032537   -4.6780781    1.2903777   0.67039485 
    9200   0.81351388   -4.6335129    1.0857614   0.40448713 
    9400   0.81725004   -4.6695038   0.91187837   0.22747527 
    9600    0.7736523   -4.6615892    1.1893935   0.54150121 
    9800   0.81084497   -4.5732496    1.3007765   0.62173733 
   10000   0.80438194   -4.6330975   0.85393582   0.18030906 
   10200   0.79415817    -4.668031   0.97395973   0.30889483 
   10400   0.78375314   -4.6599008   0.98825104    0.3318998 
   10600   0.83048815    -4.597181    1.0238616   0.32837227 
   10800   0.83479594   -4.6239718    1.0197208   0.32062389 
   11000   0.76325295   -4.6314144    1.3330503   0.69386684 
   11200   0.84247693   -4.5998711    0.8527707   0.14724143 
   11400   0.76803468   -4.6431003    1.0966194   0.45343155 
   11600   0.80745385    -4.688759   0.66854058 -0.0076587319 
   11800   0.80311774   -4.6324997    1.1810235   0.50845544 
   12000   0.78889512   -4.6538987   0.96457124   0.30391386 
   12200   0.79674863   -4.5928781    1.3652761   0.69804188 
   12400   0.83026294   -4.6367323   0.73617172  0.040871018 
   12600   0.79588862   -4.5751298    1.4895984   0.82308436 
   12800   0.82450664   -4.5986415   0.94095963   0.25047951 
   13000   0.80474808   -4.6284924    0.9163861   0.24245271 
   13200   0.83497755   -4.6203625   0.80796399   0.10871505 
   13400    0.8389258   -4.6554772   0.66065202 -0.041903369 
   13600   0.78381785   -4.6337102     1.150804   0.49439852 
   13800   0.81899116   -4.6500475   0.84614262   0.16028142 
   14000    0.7741742   -4.5849531    1.5061349   0.85780554 
   14200   0.82341848   -4.6476253     1.003523   0.31395417 
   14400   0.84190312   -4.6987291   0.54032888  -0.16471985 
   14600   0.78096834   -4.6258207    1.0944059   0.44038673 
   14800   0.84901339   -4.6473232   0.57980782  -0.13119538 
   15000   0.74709692   -4.6437392    1.1850137   0.55936006 
   15200   0.82133505   -4.6641405   0.82525855   0.13743446 
   15400   0.77489816   -4.6593837    1.0355581   0.38662248 
   15600   0.78321703   -4.6581502   0.95154634   0.29564405 
   15800   0.77049493   -4.6581944    1.2294537   0.58420553 
   16000   0.78816476   -4.6479761   0.95891117   0.29886543 
   16200   0.88892256   -4.6588863   0.53196016  -0.21246484 
   16400    0.7850066   -4.6181442    1.3635368   0.70613588 
   16600   0.81019562    -4.618836    1.0334771   0.35498166 
   16800   0.78891348   -4.5928167    1.4916134   0.83094067 
   17000   0.83619448   -4.6083932   0.84405546   0.14378741 
   17200    0.8066765   -4.6027712    1.3072778   0.63172949 
   17400   0.78634487   -4.6720224   0.90387655   0.24535487 
   17600   0.78740714   -4.7171593   0.71116056  0.051749283 
   17800   0.82541573   -4.6151208   0.90337582   0.21213439 
   18000   0.81184381   -4.6680229   0.99898612   0.31911045 
   18200   0.82772389   -4.6516592   0.75591427  0.062739885 
   18400   0.86295938   -4.6534048   0.63586235 -0.086819875 
   18600   0.75687451   -4.6793385   0.92971869   0.29587685 
   18800   0.79442903   -4.6234591    1.0118394   0.34654771 
   19000   0.82573286   -4.5927541    1.1878981   0.49639104 
   19200   0.79919624   -4.6145441      1.04611     0.376826 
   19400   0.73869541   -4.5839025    1.7940728     1.175455 
   19600   0.75674758   -4.5874162    1.6500948    1.0163593 
   19800    0.8265018   -4.6752907   0.74766958  0.055518627 
   20000   0.79891708   -4.6186243    1.1021327   0.43308245 
Loop time of 3.71012 on 1 procs for 20000 steps with 125 atoms

Performance: 2328766.049 tau/day, 5390.662 timesteps/s
99.6% CPU use with 1 MPI tasks x no OpenMP threads

MPI task timing breakdown:
Section |  min time  |  avg time  |  max time  |%varavg| %total
---------------------------------------------------------------
Pair    | 3.1975     | 3.1975     | 3.1975     |   0.0 | 86.18
Neigh   | 0.35414    | 0.35414    | 0.35414    |   0.0 |  9.55
Comm    | 0.11684    | 0.11684    | 0.11684    |   0.0 |  3.15
Output  | 0.0010587  | 0.0010587  | 0.0010587  |   0.0 |  0.03
Modify  | 0.027478   | 0.027478   | 0.027478   |   0.0 |  0.74
Other   |            | 0.01314    |            |       |  0.35

Nlocal:        125.000 ave         125 max         125 min
Histogram: 1 0 0 0 0 0 0 0 0 0
Nghost:        1679.00 ave        1679 max        1679 min
Histogram: 1 0 0 0 0 0 0 0 0 0
Neighs:        12077.0 ave       12077 max       12077 min
Histogram: 1 0 0 0 0 0 0 0 0 0

Total # of neighbors = 12077
Ave neighs/atom = 96.616000
Neighbor list builds = 1000
Dangerous builds not checked

variable	p equal f_ave_p

print	"Average virial pressure from Berendsen MD: $p"
Average virial pressure from Berendsen MD: 0.341003889216528
unfix ave_p
unfix 2

#=====Langevin MD run====#
reset_timestep	0

fix		ave_p all ave/time ${nintervals} ${ave_one} ${prodlength} c_p_all
fix		ave_p all ave/time 40 ${ave_one} ${prodlength} c_p_all
fix		ave_p all ave/time 40 500 ${prodlength} c_p_all
fix		ave_p all ave/time 40 500 20000 c_p_all
unfix	1
fix		1 all nve
fix		2 all langevin ${temperature} ${temperature}  0.2 72300 zero yes
fix		2 all langevin 0.8 ${temperature}  0.2 72300 zero yes
fix		2 all langevin 0.8 0.8  0.2 72300 zero yes

thermo		200

log		log.langevin.txt
