run		${prodlength}
run		20000
Per MPI rank memory allocation (min/avg/max) = 2.636 | 2.636 | 2.636 Mbytes
Step Temp TotEng Press c_p_all 
       0    0.4687771   -5.4629894   -1.0003757   -1.3929514 
     200   0.53634429   -5.4510027   -1.2806474    -1.729807 
     400   0.43882976   -5.5449192   -1.1479193   -1.5154157 
     600   0.47786001   -5.5139615   -1.2491017   -1.6492839 
     800   0.53364184   -5.4385541   -1.2947667   -1.7416632 
    1000   0.51284557   -5.3902279  -0.72860567   -1.1580863 
    1200   0.59945366    -5.231226  -0.67111053   -1.1731208 
    1400   0.51680911   -5.4347284   -1.1691254   -1.6019254 
    1600   0.49799441    -5.289014  -0.26678143  -0.68382506 
    1800   0.47601005   -5.3910037  -0.47231173  -0.87094463 
    2000   0.47957183   -5.4401695  -0.82111895   -1.2227347 
    2200   0.47850224   -5.4502678  -0.82379862   -1.2245186 
    2400   0.52368743   -5.3429098  -0.69378915   -1.1323493 
    2600   0.51115732   -5.4892773   -1.2182074   -1.6462742 
    2800   0.48238593   -5.4559317  -0.96859394   -1.3725663 
    3000   0.51378773   -5.4743742   -1.4186984   -1.8489681 
    3200   0.47834483   -5.4624799  -0.96878345   -1.3693716 
    3400   0.52935491   -5.4308017   -1.1026571   -1.5459635 
    3600   0.52910427   -5.4324673   -1.2188499   -1.6619463 
    3800   0.48506687   -5.4316665  -0.67829689   -1.0845144 
    4000   0.43393285   -5.5142956  -0.80361936   -1.1670149 
    4200   0.54240424   -5.4635509   -1.2669139   -1.7211484 
    4400   0.50154058   -5.4699241    -1.195213   -1.6152263 
    4600   0.50905995   -5.3422882   -0.4598431  -0.88615352 
    4800    0.5311166   -5.4331649   -1.1961942   -1.6409759 
    5000   0.51071875   -5.4486306   -1.1231264    -1.550826 
    5200   0.42904977   -5.5680746   -1.2389457   -1.5982519 
    5400   0.45299703   -5.5089364   -1.0539741   -1.4333348 
    5600   0.48192166   -5.4482464  -0.90452842    -1.308112 
    5800   0.44806379   -5.4942525  -0.96928445   -1.3445139 
    6000   0.53141408   -5.3783396  -0.94631992   -1.3913507 
    6200    0.5082817   -5.3301082  -0.51234891  -0.93800759 
    6400   0.44939649   -5.5408297   -1.2513033   -1.6276488 
    6600   0.50616693   -5.3591011  -0.50301445  -0.92690212 
    6800   0.50583915   -5.3852341  -0.67908805   -1.1027012 
    7000   0.53560329   -5.3484931  -0.73246272   -1.1810018 
    7200    0.5495348   -5.3938222   -0.9994044   -1.4596103 
    7400   0.52290335    -5.351727  -0.62138727   -1.0592908 
    7600   0.52099962    -5.459582   -1.2498931   -1.6862023 
    7800    0.4686271   -5.3948094  -0.56498701  -0.95743709 
    8000   0.48797981   -5.5215713   -1.3933373   -1.8019942 
    8200   0.45946277   -5.5228214  -0.97935701   -1.3641325 
    8400   0.52389058   -5.4056314   -1.0208863   -1.4596166 
    8600   0.51594244   -5.4540593   -1.1454637   -1.5775378 
    8800   0.53577932   -5.2750906  -0.45468681  -0.90337328 
    9000   0.55773382   -5.3353394  -0.80490826   -1.2719804 
    9200   0.47643893   -5.5012752   -1.1804116   -1.5794037 
    9400   0.50105462   -5.4933631   -1.2199408   -1.6395472 
    9600     0.516748   -5.4610088   -1.4183687   -1.8511174 
    9800   0.56421504   -5.3717705   -1.0227137   -1.4952136 
   10000   0.55011183   -5.3894928   -1.1087646   -1.5694538 
   10200   0.49906267   -5.4806546   -1.2096234   -1.6275617 
   10400   0.49148319   -5.5226305   -1.3103458   -1.7219367 
   10600    0.5188727   -5.4240961   -1.0757821   -1.5103101 
   10800   0.50363644    -5.483051   -1.0810112   -1.5027798 
   11000   0.48439418   -5.5115357   -1.0703361   -1.4759903 
   11200   0.60440985   -5.3191178   -1.0511678   -1.5573287 
   11400   0.50520483   -5.3222481  -0.27798169  -0.70106365 
   11600   0.49252561   -5.4874554   -1.3006534   -1.7131172 
   11800   0.46956864   -5.5974079   -1.4848425   -1.8780811 
   12000   0.47834435   -5.4819827   -1.0681281   -1.4687159 
   12200   0.48617761   -5.4829738   -1.0214284   -1.4285761 
   12400   0.49004182   -5.4855383  -0.88496331   -1.2953471 
   12600   0.55817845    -5.262815  -0.46511198  -0.93255651 
   12800   0.46423502   -5.5243011   -1.1557685   -1.5445404 
   13000   0.55374732   -5.3318933  -0.71271634     -1.17645 
   13200   0.45603375   -5.4675424  -0.73183487   -1.1137387 
   13400   0.46520016   -5.4521291  -0.76235558   -1.1519358 
   13600   0.53665834   -5.4111777  -0.93956714   -1.3889897 
   13800   0.49019375   -5.4308542  -0.92775286   -1.3382639 
   14000   0.50972683   -5.4636275   -1.2068167   -1.6336856 
   14200    0.4772968    -5.589003    -1.602406   -2.0021164 
   14400   0.51066824   -5.3449603  -0.59617449   -1.0238318 
   14600   0.50506717   -5.4565308   -1.2151728   -1.6381395 
   14800   0.45094539    -5.640623   -1.6691766   -2.0468192 
   15000   0.43467727   -5.5947096   -1.1947471    -1.558766 
   15200   0.55548711   -5.3184896  -0.69182206   -1.1570127 
   15400   0.47245198   -5.4763343  -0.90320739   -1.2988606 
   15600   0.53868756   -5.5028032   -1.4970279   -1.9481499 
   15800   0.51898482   -5.4572703     -1.15135   -1.5859719 
   16000   0.47085622   -5.5570053   -1.2175373   -1.6118542 
   16200   0.53151627   -5.4162987  -0.98191738   -1.4270338 
   16400   0.53855839   -5.3664513  -0.73987091   -1.1908847 
   16600   0.46665508   -5.4738391  -0.75650856   -1.1473072 
   16800   0.54558993   -5.4177796  -0.88605807   -1.3429604 
   17000   0.51988693   -5.3636697  -0.66577114   -1.1011486 
   17200    0.5164851   -5.4369016    -1.057683   -1.4902116 
   17400   0.52339509   -5.4492098   -1.0193565   -1.4576719 
   17600   0.48660371   -5.4198368  -0.80239975   -1.2099043 
   17800    0.5604614   -5.3878595   -1.0709322   -1.5402885 
   18000   0.54937952     -5.29043  -0.63782386   -1.0978998 
   18200   0.45166701   -5.5559032    -1.373574   -1.7518209 
   18400   0.46273207   -5.4017765  -0.43333409  -0.82084739 
   18600   0.42511639   -5.4934946  -0.73827166   -1.0942838 
   18800   0.54790578   -5.3200532  -0.63677623    -1.095618 
   19000   0.51933703   -5.3577171  -0.62100449   -1.0559214 
   19200   0.54852354   -5.3490749  -0.81318013   -1.2725392 
   19400   0.55034763   -5.3173103  -0.58002022   -1.0409069 
   19600   0.46028664   -5.5367507   -1.2582943   -1.6437597 
   19800   0.46555647   -5.4032393  -0.60718388  -0.99706247 
   20000   0.54910197   -5.3852377  -0.98466296   -1.4445064 
Loop time of 3.7664 on 1 procs for 20000 steps with 125 atoms

Performance: 2293965.114 tau/day, 5310.104 timesteps/s
99.7% CPU use with 1 MPI tasks x no OpenMP threads

MPI task timing breakdown:
Section |  min time  |  avg time  |  max time  |%varavg| %total
---------------------------------------------------------------
Pair    | 3.1703     | 3.1703     | 3.1703     |   0.0 | 84.17
Neigh   | 0.34969    | 0.34969    | 0.34969    |   0.0 |  9.28
Comm    | 0.11641    | 0.11641    | 0.11641    |   0.0 |  3.09
Output  | 0.0009795  | 0.0009795  | 0.0009795  |   0.0 |  0.03
Modify  | 0.11594    | 0.11594    | 0.11594    |   0.0 |  3.08
Other   |            | 0.01306    |            |       |  0.35

Nlocal:        125.000 ave         125 max         125 min
Histogram: 1 0 0 0 0 0 0 0 0 0
Nghost:        1661.00 ave        1661 max        1661 min
Histogram: 1 0 0 0 0 0 0 0 0 0
Neighs:        12037.0 ave       12037 max       12037 min
Histogram: 1 0 0 0 0 0 0 0 0 0

Total # of neighbors = 12037
Ave neighs/atom = 96.296000
Neighbor list builds = 1000
Dangerous builds not checked

variable	p equal f_ave_p

print	"Average virial pressure from Langevin MD: $p"
Average virial pressure from Langevin MD: -1.3852477481662
unfix ave_p
unfix 2

#=====NVT MD run====#
reset_timestep	0

fix		ave_p all ave/time ${nintervals} ${ave_one} ${prodlength} c_p_all
fix		ave_p all ave/time 40 ${ave_one} ${prodlength} c_p_all
fix		ave_p all ave/time 40 500 ${prodlength} c_p_all
fix		ave_p all ave/time 40 500 20000 c_p_all
unfix	1
fix		1 all nvt temp  ${temperature} ${temperature} 0.2
fix		1 all nvt temp  0.5 ${temperature} 0.2
fix		1 all nvt temp  0.5 0.5 0.2

thermo		200

log		log.mdnvt.txt
