run		${prodlength}
run		20000
Per MPI rank memory allocation (min/avg/max) = 2.636 | 2.636 | 2.636 Mbytes
Step Temp TotEng Press c_p_all 
       0    1.4659665   -2.9579967    4.6451382    3.4174699 
     200    1.6338465   -2.8284743    4.4215202    3.0532613 
     400     1.384964   -3.0979986    4.9284459    3.7686128 
     600    1.4528055   -3.2946677     3.331063    2.1144163 
     800    1.5252412   -2.8860994    4.8448169    3.5675092 
    1000    1.5029738   -2.8494622    5.0560956    3.7974357 
    1200    1.6362571   -2.6026546    5.2067766     3.836499 
    1400    1.4979566   -3.0687061    3.9154149    2.6609566 
    1600    1.5498834   -2.8362809    5.0506893     3.752745 
    1800    1.4600131   -3.1145373    4.2308091    3.0081264 
    2000    1.3910828   -2.9057476    5.6916197    4.5266624 
    2200    1.4655542   -3.0836589    4.3094446    3.0821215 
    2400    1.5851985    -2.591142    5.7904783    4.4629596 
    2600    1.5582099    -2.963896    4.1865314    2.8816141 
    2800    1.4642402    -2.888697    5.1783331    3.9521104 
    3000    1.4883487   -3.1031375    4.1215841    2.8751718 
    3200    1.5420676   -3.0281441    4.0384692    2.7470702 
    3400    1.4692959   -3.1089734    4.0810263    2.8505697 
    3600    1.5787465   -2.8579946      4.65639    3.3342744 
    3800    1.4226024   -2.9330532    5.1338078    3.9424545 
    4000    1.2750175   -3.2368851    4.5544539    3.4866951 
    4200    1.5323247   -2.9470914    4.3912819    3.1080422 
    4400    1.4856036   -2.8996239    5.1720053    3.9278919 
    4600    1.3428006     -3.20395    4.1560479    3.0315244 
    4800     1.455099   -3.2223139    3.6828453    2.4642779 
    5000    1.5876908   -2.8235149    4.6531861    3.3235801 
    5200    1.4459321    -3.032253    4.6354136     3.424523 
    5400    1.3974805   -3.2583432    3.8370748    2.6667597 
    5600    1.5541911   -3.0037401    3.9890808     2.687529 
    5800    1.4324383   -2.9561093    5.0249066    3.8253163 
    6000    1.5161752   -2.8992348    4.7371397    3.4674243 
    6200    1.4583767   -3.0448488    4.7518555    3.5305431 
    6400    1.4086561   -2.9570384      5.25787     4.078196 
    6600      1.60092   -2.7756215    4.8394078    3.4987231 
    6800    1.5429886   -2.7343169    5.3134054    4.0212352 
    7000    1.4376366   -3.0164594    4.8119392    3.6079956 
    7200     1.502667   -2.8093414    5.2857125    4.0273094 
    7400    1.5999813   -2.6172338    5.6395946     4.299696 
    7600    1.5142847   -2.7201333    5.4997914    4.2316591 
    7800    1.5379396   -2.9971423    4.1151489     2.827207 
    8000     1.349581   -3.2287209    4.2992818      3.16908 
    8200    1.4578264   -2.9462381    4.5723941    3.3515426 
    8400    1.4956894   -3.0462894    4.2371894    2.9846297 
    8600     1.738997   -2.6365298    4.6134644    3.1571476 
    8800    1.5427461   -2.6016226    5.9579087    4.6659415 
    9000    1.5054583   -2.9900565    4.3624723    3.1017316 
    9200    1.3600611   -3.0978759    4.9869612    3.8479829 
    9400     1.555045   -2.6965023    5.5109331    4.2086663 
    9600    1.4249966   -3.0020633    4.8536142    3.6602559 
    9800    1.5288675   -2.7506176    5.5523916     4.272047 
   10000    1.6566678   -2.8050004    4.4743571    3.0869867 
   10200    1.3463195   -3.3349601    3.7563315    2.6288612 
   10400    1.4682754   -3.3242768    3.0375609    1.8079589 
   10600    1.5330939   -2.9070757    4.4249795    3.1410955 
   10800    1.5451439   -2.7511538    5.2900196    3.9960444 
   11000    1.3939421    -2.920891    5.5046738    4.3373221 
   11200    1.5019248   -3.0064613    4.3961302    3.1383487 
   11400    1.5028116   -3.1061892    3.8100842      2.55156 
   11600    1.7981079   -2.4329883    5.4613699     3.955551 
   11800    1.4796187   -2.8476932    5.0997774    3.8606761 
   12000    1.5961718   -2.8285745    4.5631683      3.22646 
   12200    1.4171818   -3.1141605    4.2321658     3.045352 
   12400    1.3850634   -3.0130741    5.1115213    3.9516049 
   12600    1.5600347   -2.7462425    5.4412338    4.1347884 
   12800    1.3618081   -3.1462768    4.3402861    3.1998449 
   13000    1.6509038   -2.6843287     4.926154    3.5436106 
   13200    1.2774901   -3.2594236    4.5985091    3.5286796 
   13400    1.5679756    -2.576883    5.7732624    4.4601669 
   13600    1.2912287   -3.2085123    4.7658456    3.6845107 
   13800    1.4286314   -2.8829468    5.4940283    4.2976261 
   14000     1.478203   -2.9782019    4.6620781    3.4241623 
   14200    1.4764061   -3.1646884    3.7827472    2.5463362 
   14400    1.4260366   -3.0879892    4.4909936    3.2967644 
   14600    1.4078326   -3.0995469    4.4647219    3.2857376 
   14800    1.4799196    -2.917653    4.7898031    3.5504497 
   15000    1.4376484   -3.1334102    4.0398809    2.8359274 
   15200    1.6894942   -2.6430499    4.7747957    3.3599349 
   15400    1.5260071   -2.9486245    4.4839697    3.2060206 
   15600    1.4921199   -2.7899778    5.5612169    4.3116465 
   15800    1.5859605   -2.7497312    4.9532528    3.6250959 
   16000    1.4733596   -3.2386488     3.358047    2.1241873 
   16200    1.4456929   -2.9659563    4.6447084    3.4340181 
   16400    1.4089839   -2.7829295    5.9481464    4.7681979 
   16600    1.3920838   -3.0917854    4.7263972    3.5606017 
   16800     1.501435   -2.9094864     4.778991    3.5216197 
   17000    1.4152738   -3.0001108     4.888933    3.7037171 
   17200    1.5551058   -2.9109483    4.6429568    3.3406391 
   17400    1.3604591   -3.1152158    4.7738308    3.6345193 
   17600    1.3842635   -3.1605204    4.3325964    3.1733499 
   17800     1.556197   -2.6511957    5.7118143    4.4085827 
   18000    1.5862591   -2.4406011    6.4640343    5.1356273 
   18200    1.4018152   -3.2380115    4.0848133    2.9108681 
   18400    1.6085478   -2.8203132    4.6287753    3.2817028 
   18600    1.5240094   -2.8774361    4.8301123    3.5538361 
   18800    1.3591089   -2.9501464    5.5812578     4.443077 
   19000    1.4442472   -3.1827902    3.8783783    2.6688986 
   19200    1.5638898   -2.5605551    6.1074923    4.7978185 
   19400    1.5093965   -2.8481803    5.3686418    4.1046031 
   19600     1.492352    -2.866032    5.0913835    3.8416187 
   19800    1.6087417   -2.7898607    4.9073975    3.5601626 
   20000    1.7178979   -2.4451007    5.7071564     4.268509 
Loop time of 3.82645 on 1 procs for 20000 steps with 125 atoms

Performance: 2257966.130 tau/day, 5226.773 timesteps/s
99.8% CPU use with 1 MPI tasks x no OpenMP threads

MPI task timing breakdown:
Section |  min time  |  avg time  |  max time  |%varavg| %total
---------------------------------------------------------------
Pair    | 3.2263     | 3.2263     | 3.2263     |   0.0 | 84.32
Neigh   | 0.35434    | 0.35434    | 0.35434    |   0.0 |  9.26
Comm    | 0.11606    | 0.11606    | 0.11606    |   0.0 |  3.03
Output  | 0.00093452 | 0.00093452 | 0.00093452 |   0.0 |  0.02
Modify  | 0.11559    | 0.11559    | 0.11559    |   0.0 |  3.02
Other   |            | 0.01318    |            |       |  0.34

Nlocal:        125.000 ave         125 max         125 min
Histogram: 1 0 0 0 0 0 0 0 0 0
Nghost:        1728.00 ave        1728 max        1728 min
Histogram: 1 0 0 0 0 0 0 0 0 0
Neighs:        12071.0 ave       12071 max       12071 min
Histogram: 1 0 0 0 0 0 0 0 0 0

Total # of neighbors = 12071
Ave neighs/atom = 96.568000
Neighbor list builds = 1000
Dangerous builds not checked

variable	p equal f_ave_p

print	"Average virial pressure from Langevin MD: $p"
Average virial pressure from Langevin MD: 3.47951137750897
unfix ave_p
unfix 2

#=====NVT MD run====#
reset_timestep	0

fix		ave_p all ave/time ${nintervals} ${ave_one} ${prodlength} c_p_all
fix		ave_p all ave/time 40 ${ave_one} ${prodlength} c_p_all
fix		ave_p all ave/time 40 500 ${prodlength} c_p_all
fix		ave_p all ave/time 40 500 20000 c_p_all
unfix	1
fix		1 all nvt temp  ${temperature} ${temperature} 0.2
fix		1 all nvt temp  1.5 ${temperature} 0.2
fix		1 all nvt temp  1.5 1.5 0.2

thermo		200

log		log.mdnvt.txt
