run		${prodlength}
run		20000
Per MPI rank memory allocation (min/avg/max) = 2.636 | 2.636 | 2.636 Mbytes
Step Temp TotEng Press c_p_all 
       0   0.79891708   -4.6186243    1.1021327   0.43308245 
     200   0.77620348    -4.662163   0.95174562   0.30171681 
     400   0.77907426   -4.6753094   0.87398366   0.22155073 
     600    0.7587654   -4.7770907   0.43869667  -0.19672868 
     800   0.68401457   -4.7864627   0.97778667   0.40496113 
    1000   0.78549774   -4.5931784    1.3709788   0.71316654 
    1200   0.79857758   -4.5639111    1.4631457   0.79437983 
    1400   0.85342113   -4.5957343   0.92012515   0.20543069 
    1600    0.7475485    -4.701556    1.1524675   0.52643571 
    1800   0.79348074   -4.6780819    0.9438703   0.27937271 
    2000    0.7377077   -4.6249772     1.580002   0.96221139 
    2200   0.79712281   -4.5762124    1.3042263   0.63667868 
    2400   0.75325896    -4.655422     1.184266   0.55345202 
    2600   0.75303551   -4.7896204   0.62195818 -0.0086687057 
    2800   0.80071565   -4.6537389   0.97684702   0.30629058 
    3000   0.86841931   -4.7213232   0.13879687  -0.58845775 
    3200   0.81630115   -4.5450978    1.3901059   0.70649744 
    3400   0.81998578    -4.693023   0.52842958  -0.15826456 
    3600   0.83854047   -4.5597299    1.1397177   0.43748498 
    3800   0.69703989   -4.8244137   0.84822795   0.26449441 
    4000   0.70740272   -4.7044746    1.2905899   0.69817804 
    4200   0.82107149   -4.7026545   0.53532223  -0.15228114 
    4400   0.82718361   -4.6435348   0.83486731   0.14214538 
    4600   0.71061966   -4.7039904    1.2713533   0.67624744 
    4800    0.7568413    -4.772515   0.55916315 -0.074650874 
    5000   0.90846042   -4.4813756    1.0424572   0.28167033 
    5200   0.67310766   -4.7938103    1.2029162   0.63922459 
    5400   0.82799263    -4.702439   0.74901873  0.055619277 
    5600   0.76397199   -4.5837692    1.3960492   0.75626361 
    5800   0.80657107   -4.6205739     1.056872   0.38141195 
    6000   0.72077732   -4.8478585   0.50036931  -0.10324306 
    6200   0.81362666   -4.5659922    1.1237737   0.44240497 
    6400   0.72155021   -4.7516497    1.1061125    0.5018529 
    6600   0.81193305   -4.6839653   0.64056821 -0.039382202 
    6800   0.79809378   -4.5757602    1.2544635   0.58610275 
    7000   0.72777386   -4.8334607   0.50262774  -0.10684386 
    7200   0.79586158   -4.7389493   0.49894825  -0.16754316 
    7400   0.77771856   -4.5827643     1.415974   0.76467639 
    7600   0.80685696   -4.5368142     1.297806   0.62210653 
    7800   0.71680719   -4.7954838   0.97213311   0.37184551 
    8000   0.83139799   -4.6548092   0.85218945    0.1559382 
    8200    0.7341133   -4.6493166    1.2697589   0.65497839 
    8400   0.84996825   -4.5421587    1.2614755   0.54967261 
    8600   0.90600912   -4.4037053    1.6068587   0.84812459 
    8800   0.84856161   -4.6092113   0.80892561  0.098300739 
    9000   0.87026012   -4.6667129   0.49286977  -0.23592643 
    9200   0.68708242   -4.8182933   0.82886836   0.25347367 
    9400   0.80523286   -4.7171726   0.60475893  -0.06958043 
    9600   0.79948784   -4.6693278   0.86755777   0.19802956 
    9800   0.71035171   -4.6956802    1.1058267   0.51094518 
   10000   0.79762818   -4.6333138    1.0268323   0.35886142 
   10200   0.75990653   -4.7876888    0.4593262  -0.17705479 
   10400   0.79315979   -4.8235688   0.18495853  -0.47927027 
   10600   0.69068704   -4.7183106    1.1358624     0.557449 
   10800   0.70667615   -4.6630229    1.4013485   0.80954514 
   11000   0.75665675   -4.8728431   0.14182292  -0.49183656 
   11200   0.85213605   -4.5719265   0.91261939   0.19900113 
   11400   0.75485909   -4.8666497  0.094698683  -0.53745534 
   11600   0.85836535   -4.4846164    1.2389425   0.52010748 
   11800   0.75243384    -4.712926    0.9943592   0.36423619 
   12000    0.8719979   -4.5328599    1.0406421   0.31039057 
   12200   0.83729909   -4.4638192    1.6215349    0.9203418 
   12400   0.77698748    -4.554473    1.6328661   0.98218069 
   12600   0.75023308   -4.5849866    1.6935281    1.0652481 
   12800   0.76778279   -4.6456507    1.0727745   0.42979758 
   13000   0.88237633    -4.473365    1.3542031   0.61526025 
   13200   0.75966473   -4.6720079    1.1842726    0.5480941 
   13400   0.84467761    -4.582114    1.1733195   0.46594733 
   13600   0.86832883   -4.4413027    1.4990184   0.77183951 
   13800    0.8359477   -4.5188922    1.2994086   0.59934719 
   14000   0.87289101   -4.5791218    1.0139157   0.28291628 
   14200   0.73045255   -4.6900508    1.3798712   0.76815633 
   14400   0.75662241   -4.7248867   0.84156972   0.20793901 
   14600   0.66994097   -4.7735661    1.3188292    0.7577895 
   14800   0.79511895   -4.7155361   0.69979012  0.033920617 
   15000   0.74983223   -4.8929071   0.16439677  -0.46354753 
   15200   0.75035189    -4.683972    1.2001469   0.57176744 
   15400   0.68931759   -4.7103214    1.3327451   0.75547861 
   15600   0.69182398   -4.7963856   0.87564612   0.29628062 
   15800   0.72725106   -4.6744301    1.2824461   0.67341234 
   16000   0.83941856    -4.616071    0.6987803 -0.0041877549 
   16200    0.8778064   -4.4803738    1.3213922   0.58627637 
   16400   0.74810964   -4.6620127    1.1781153   0.55161361 
   16600   0.76397356   -4.6966824   0.93544219   0.29565529 
   16800   0.83744599   -4.6733797   0.61445477 -0.086861359 
   17000    0.7806358   -4.6250737    1.1791191   0.52537848 
   17200   0.73980118   -4.6893466    1.2698486   0.65030474 
   17400   0.78934002   -4.5426379    1.4364723   0.77544238 
   17600    0.7636714   -4.6121645    1.4163704   0.77683655 
   17800   0.82803591   -4.4887096    1.4431564   0.74972075 
   18000   0.89406082   -4.4366264    1.2571286   0.50840061 
   18200   0.78339854   -4.7347345   0.50560344  -0.15045085 
   18400   0.75322809    -4.730949   0.84098825    0.2102001 
   18600    0.8857502   -4.5097623    1.0510118   0.30924353 
   18800   0.89678947   -4.3593965    1.9670758    1.2160627 
   19000   0.72195567   -4.8554342   0.26028912  -0.34431006 
   19200   0.92268002    -4.353953    1.4988504    0.7261553 
   19400   0.75108186   -4.6337063    1.3179771   0.68898629 
   19600   0.66295371   -4.6928675     1.598163    1.0429748 
   19800   0.80849618   -4.5769942    1.2512869   0.57421465 
   20000   0.81702217   -4.6566218    0.9328891   0.24867682 
Loop time of 3.78894 on 1 procs for 20000 steps with 125 atoms

Performance: 2280322.238 tau/day, 5278.524 timesteps/s
99.8% CPU use with 1 MPI tasks x no OpenMP threads

MPI task timing breakdown:
Section |  min time  |  avg time  |  max time  |%varavg| %total
---------------------------------------------------------------
Pair    | 3.1924     | 3.1924     | 3.1924     |   0.0 | 84.25
Neigh   | 0.3512     | 0.3512     | 0.3512     |   0.0 |  9.27
Comm    | 0.11648    | 0.11648    | 0.11648    |   0.0 |  3.07
Output  | 0.00092745 | 0.00092745 | 0.00092745 |   0.0 |  0.02
Modify  | 0.11478    | 0.11478    | 0.11478    |   0.0 |  3.03
Other   |            | 0.01318    |            |       |  0.35

Nlocal:        125.000 ave         125 max         125 min
Histogram: 1 0 0 0 0 0 0 0 0 0
Nghost:        1677.00 ave        1677 max        1677 min
Histogram: 1 0 0 0 0 0 0 0 0 0
Neighs:        12001.0 ave       12001 max       12001 min
Histogram: 1 0 0 0 0 0 0 0 0 0

Total # of neighbors = 12001
Ave neighs/atom = 96.008000
Neighbor list builds = 1000
Dangerous builds not checked

variable	p equal f_ave_p

print	"Average virial pressure from Langevin MD: $p"
Average virial pressure from Langevin MD: 0.373639085457675
unfix ave_p
unfix 2

#=====NVT MD run====#
reset_timestep	0

fix		ave_p all ave/time ${nintervals} ${ave_one} ${prodlength} c_p_all
fix		ave_p all ave/time 40 ${ave_one} ${prodlength} c_p_all
fix		ave_p all ave/time 40 500 ${prodlength} c_p_all
fix		ave_p all ave/time 40 500 20000 c_p_all
unfix	1
fix		1 all nvt temp  ${temperature} ${temperature} 0.2
fix		1 all nvt temp  0.8 ${temperature} 0.2
fix		1 all nvt temp  0.8 0.8 0.2

thermo		200

log		log.mdnvt.txt
