run		${prodlength}
run		20000
Per MPI rank memory allocation (min/avg/max) = 2.636 | 2.636 | 2.636 Mbytes
Step Temp TotEng Press c_p_all 
       0   0.81702217   -4.6566218    0.9328891   0.24867682 
     200   0.83526402   -4.5455394    1.2491167   0.54962787 
     400   0.94915431   -4.4649502    1.0273207   0.23245487 
     600   0.67082421   -4.7741275    1.1203405   0.55856115 
     800   0.75500538   -4.7761065   0.82352025   0.19124371 
    1000   0.82903542   -4.6563677   0.70962685   0.01535413 
    1200    0.7356794   -4.6603566    1.3511382   0.73504614 
    1400   0.90365356   -4.5712526    0.7512945 -0.0054669206 
    1600   0.82884337   -4.4569601     1.699632    1.0055201 
    1800   0.95781801   -4.4055426    1.0747531   0.27263183 
    2000   0.85015243   -4.5535663   0.97348206   0.26152497 
    2200   0.70344249   -4.7172612    1.2235217   0.63442634 
    2400   0.78119885   -4.7906282   0.36831134  -0.28590082 
    2600    0.7610237    -4.753534   0.71325939  0.075942836 
    2800   0.79539151   -4.6168574    1.2274397   0.56134197 
    3000   0.90253833   -4.4693709    1.3688128   0.61298527 
    3200   0.82033652   -4.6277051    1.0376246   0.35063675 
    3400   0.83117061   -4.6418279   0.69419746 -0.0018633724 
    3600   0.74988305   -4.6969026    1.0861489   0.45816199 
    3800   0.76296625   -4.7908869   0.65486653  0.015923182 
    4000    0.8115512   -4.6545073    1.0608187   0.38118808 
    4200    0.7892566   -4.6775722   0.88885245   0.22789235 
    4400   0.72973977   -4.7115171    1.2938436   0.68272565 
    4600   0.82122988    -4.529927     1.203191   0.51545497 
    4800   0.90814422   -4.3717376    1.6478509   0.88732879 
    5000   0.74057013   -4.7703478   0.69072686  0.070539076 
    5200    0.7126886   -4.7518587    1.1259039    0.5290654 
    5400   0.74954444   -4.6421181    1.3335932   0.70588988 
    5600   0.81013539   -4.6720426   0.84277949   0.16433452 
    5800   0.84805453    -4.597994   0.97170598   0.26150577 
    6000   0.89357286   -4.5380123    1.1481066   0.39978721 
    6200   0.81534873   -4.5923807    1.2269374   0.54412654 
    6400   0.90883762   -4.5986943   0.55373826  -0.20736453 
    6600   0.84861783   -4.4664341    1.6250424   0.91437045 
    6800   0.78000169   -4.6552537    1.1513664   0.49815684 
    7000   0.79489274   -4.7019327   0.84816141   0.18248134 
    7200   0.69198629   -4.8182744   0.71517039   0.13566897 
    7400   0.83622885   -4.6864662   0.54166045  -0.15863639 
    7600   0.82381955   -4.5737364    1.2035509   0.51364615 
    7800   0.79221411   -4.6532302   0.95449714   0.29106028 
    8000   0.77417688   -4.6445339    1.2608687    0.6125371 
    8200   0.72704999   -4.7784566   0.73820842   0.12934302 
    8400   0.69753263   -4.7806271    1.2277073   0.64356108 
    8600   0.80641895   -4.7400741   0.47867557  -0.19665708 
    8800   0.79514014    -4.692102   0.67877262  0.012885375 
    9000   0.84228223   -4.5746186     1.104586   0.39921983 
    9200   0.85183187   -4.4383958    1.6202387   0.90687521 
    9400   0.72849079   -4.7798771   0.89227088   0.28219889 
    9600   0.84719684   -4.5097128    1.4380627   0.72858074 
    9800   0.79102356   -4.6011598    1.2383639   0.57592404 
   10000   0.79587338   -4.6500411    1.2151017   0.54860041 
   10200    0.8315188   -4.6250957   0.93653277   0.24018034 
   10400   0.84355755   -4.6505251   0.62928247 -0.077151761 
   10600   0.77195797    -4.626298    1.1518192   0.50534576 
   10800   0.99260648   -4.3908241    1.1224268   0.29117209 
   11000   0.85432329   -4.4942875    1.4566435   0.74119354 
   11200   0.89877803    -4.575765   0.63660514  -0.11607329 
   11400   0.94612559   -4.4123419    1.2919902   0.49966071 
   11600   0.84171924   -4.4603051    1.5117184   0.80682365 
   11800     0.794634   -4.6443645     1.269638    0.6041746 
   12000    0.8245333   -4.6539897   0.89003243   0.19952999 
   12200   0.82079674   -4.6090054   0.95793793   0.27056466 
   12400   0.66452784   -4.9053614    0.4818008 -0.074705644 
   12600   0.78115795   -4.7042336   0.77918949   0.12501158 
   12800   0.80077176   -4.6628955    1.1272345   0.45663111 
   13000   0.79938846   -4.6373018   0.97008937   0.30064439 
   13200   0.84623409   -4.5482236    1.1008636   0.39218791 
   13400   0.92913541    -4.603455    0.3936252  -0.38447591 
   13600   0.77775696   -4.6027664    1.3894189   0.73808911 
   13800    0.7970707   -4.7018804   0.67168865 0.0041846573 
   14000   0.89039371   -4.4267988    1.5614792    0.8158222 
   14200   0.72614758   -4.6898415    1.0974705   0.48936081 
   14400   0.79616486   -4.6416396    1.1741694     0.507424 
   14600   0.80997949   -4.6115785    1.1065292   0.42821481 
   14800   0.83381672    -4.550336    1.4111334   0.71285664 
   15000    0.8176552    -4.400399    2.0668595    1.3821171 
   15200   0.86414522   -4.5980932   0.82589424   0.10221894 
   15400   0.82072916   -4.5090609     1.343452   0.65613527 
   15600   0.77877998   -4.8672333 -0.077398758  -0.72958525 
   15800   0.77579986   -4.5893913    1.3954734   0.74578257 
   16000   0.87830053   -4.4914798    1.2026434   0.46711381 
   16200   0.89895232   -4.5165546    1.0506096   0.29778523 
   16400   0.90372465    -4.459708     1.102811   0.34599007 
   16600   0.77963483   -4.6792666   0.95893184   0.30602945 
   16800   0.81652986   -4.6722048   0.67131108 -0.012488911 
   17000   0.88038451   -4.5562205   0.88622506   0.14895022 
   17200   0.74481043   -4.6043018     1.652965    1.0292262 
   17400   0.80607891   -4.7773979  0.072157384  -0.60289049 
   17600   0.71491521   -4.7040775    1.1635629   0.56485975 
   17800   0.77111892   -4.8184108   0.22500528  -0.42076549 
   18000   0.85334568   -4.6431653   0.55085226    -0.163779 
   18200   0.81131926   -4.6017023    1.1078502   0.42841379 
   18400   0.87985036    -4.427577    1.3755555   0.63872794 
   18600    0.8002331   -4.7534698   0.36240705  -0.30774528 
   18800   0.79284023   -4.6165608    1.2361175   0.57215632 
   19000   0.82724625   -4.6142526   0.86149909    0.1687247 
   19200   0.86003065   -4.4542382    1.5298936   0.80966401 
   19400   0.70560349    -4.825608    0.6789297  0.088024597 
   19600   0.72611884   -4.8269326   0.48998203  -0.11810357 
   19800   0.69650379   -4.8236856   0.87669787   0.29341328 
   20000   0.72340078   -4.8005608   0.72127548    0.1154661 
Loop time of 3.71095 on 1 procs for 20000 steps with 125 atoms

Performance: 2328242.860 tau/day, 5389.451 timesteps/s
99.7% CPU use with 1 MPI tasks x no OpenMP threads

MPI task timing breakdown:
Section |  min time  |  avg time  |  max time  |%varavg| %total
---------------------------------------------------------------
Pair    | 3.1921     | 3.1921     | 3.1921     |   0.0 | 86.02
Neigh   | 0.35368    | 0.35368    | 0.35368    |   0.0 |  9.53
Comm    | 0.11711    | 0.11711    | 0.11711    |   0.0 |  3.16
Output  | 0.00092691 | 0.00092691 | 0.00092691 |   0.0 |  0.02
Modify  | 0.03394    | 0.03394    | 0.03394    |   0.0 |  0.91
Other   |            | 0.01316    |            |       |  0.35

Nlocal:        125.000 ave         125 max         125 min
Histogram: 1 0 0 0 0 0 0 0 0 0
Nghost:        1662.00 ave        1662 max        1662 min
Histogram: 1 0 0 0 0 0 0 0 0 0
Neighs:        11999.0 ave       11999 max       11999 min
Histogram: 1 0 0 0 0 0 0 0 0 0

Total # of neighbors = 11999
Ave neighs/atom = 95.992000
Neighbor list builds = 1000
Dangerous builds not checked

variable	p equal f_ave_p

print	"Average virial pressure from Nose-Hoover MD: $p"
Average virial pressure from Nose-Hoover MD: 0.339620859417246
unfix ave_p
#====NVT MC run====#
reset_timestep	0

unfix	1
fix		montecarlo all gcmc 1 0 125 1 32451 ${temperature} ${temperature} ${mcmaxdispl}
fix		montecarlo all gcmc 1 0 125 1 32451 0.8 ${temperature} ${mcmaxdispl}
fix		montecarlo all gcmc 1 0 125 1 32451 0.8 0.8 ${mcmaxdispl}
fix		montecarlo all gcmc 1 0 125 1 32451 0.8 0.8 0.1

fix		ave_p all ave/time ${nintervals} ${ave_one} ${prodlength} c_p_all
fix		ave_p all ave/time 40 ${ave_one} ${prodlength} c_p_all
fix		ave_p all ave/time 40 500 ${prodlength} c_p_all
fix		ave_p all ave/time 40 500 20000 c_p_all

log		log.mcnvt.txt
